0,1
23.022505,72.57136209999999
12.9715987,77.5945627
12.9715987,77.5945627
30.7333148,76.7794179
13.0826802,80.2707184
28.7040592,77.10249019999998
28.4089123,77.31778940000001
23.2156354,72.63694149999998
28.6691565,77.45375779999998
28.459496500000004,77.02663829999999
22.896256,88.24611829999998
22.5957689,88.26363940000002
17.385044,78.486671
26.9124336,75.78727090000001
12.8341735,79.7036402
46.8213809,-92.182098
22.572646,88.36389500000001
30.704648600000002,76.71787259999998
19.0759837,72.87765590000001
19.9974533,73.78980229999998
28.535516100000002,77.3910265
30.694209100000002,76.86056500000001
18.5204303,73.85674370000001
17.251160000000002,78.43773490000001
19.2183307,72.9780897
13.2544335,80.0087746
